32 10 9
78 127 6
49 64 2
44 84 7
2 79 2
127 63 8
54 95 2
110 96 3
96 73 0
46 69 1
114 101 3
95 51 7
86 100 3
84 17 2
104 19 5
52 18 9
54 72 8
39 55 5
50 23 0
72 69 3
120 55 4
49 23 8
106 109 6
100 65 3
50 41 4
79 94 2
44 20 9
105 59 2
6 110 7
108 54 9
24 46 0
40 96 1
108 74 2
21 46 4
78 96 7
27 48 7
121 92 4
32 69 5
126 75 7
116 56 4
47 80 6
33 120 8
43 101 9
33 122 3
89 72 4
59 99 8
122 93 4
78 125 8
94 124 9
91 112 1
15 31 9
114 64 0
52 107 1
65 13 7
125 102 9
25 33 9
101 28 8
13 106 1
123 72 7
53 36 9
38 51 4
104 37 5
34 90 6
65 27 9
90 24 0
59 49 5
0 22 7
34 36 8
66 31 4
93 84 6
105 123 0
19 99 1
126 5 1
85 70 1
56 32 3
2 91 3
110 92 9
117 126 7
103 64 5
34 30 3
0 7 4
18 26 9
74 25 8
91 110 6
8 38 8
78 41 6
69 23 8
82 12 4
4 116 7
85 22 3
122 22 6
27 41 8
30 115 5
39 78 7
117 87 2
100 37 3
46 106 4
84 60 4
120 64 4
93 21 0
96 16 9
106 43 2
15 73 1
76 112 7
120 102 4
37 69 2
15 87 8
76 117 6
12 8 4
34 48 6
50 111 5
93 87 2
38 50 6
23 92 8
125 92 4
71 2 1
63 17 6
11 93 6
79 106 0
113 12 6
116 62 4
97 27 3
93 65 6
37 88 8
102 85 2
112 28 4
64 91 2
119 2 6
97 38 7
109 123 5
43 63 8
70 90 3
8 40 5
96 82 7
54 89 1
82 97 1
46 123 8
20 115 8
74 84 3
114 66 4
13 109 1
10 52 1
99 60 2
98 28 8
71 82 1
29 37 9
50 83 8
46 103 3
45 50 6
82 36 4
114 49 9
81 59 7
10 31 7
108 1 0
33 73 4
46 102 3
29 24 4
8 71 8
101 116 2
23 70 4
11 56 9
109 9 1
2 19 0
84 0 1
66 33 4
50 104 9
75 32 7
18 64 0
6 18 2
76 8 5
4 48 0
13 19 1
32 21 3
32 24 3
65 101 9
17 23 9
126 98 8
115 116 4
77 122 3
63 70 5
61 74 9
39 87 6
20 120 3
85 24 2
88 90 7
94 107 2
75 105 5
89 92 7
40 41 4
9 105 8
114 38 3
12 77 4
56 98 8
122 55 7
84 16 9
19 110 2
105 57 5
34 19 7
80 59 0
120 68 7
102 54 3
31 66 9
48 123 9
56 117 4
89 73 0
84 92 8
58 69 8
9 104 9
52 56 4
9 48 8
70 22 8
42 54 5
91 102 4
110 30 9
56 120 6
19 76 0
91 7 5
93 16 9
114 69 1
66 78 5
86 20 0
33 62 0
46 25 0
54 7 0
51 64 8
121 83 5
27 46 2
2 12 4
82 126 5
89 65 1
12 95 4
74 99 0
100 77 0
107 85 1
43 86 8
126 35 7
45 119 2
57 91 8
55 5 7
120 124 4
16 8 1
72 83 0
47 55 1
75 34 3
27 78 5
99 76 2
71 121 1
82 101 8
87 118 6
84 25 8
92 26 7
47 127 8
102 48 7
9 55 8
87 20 0
35 20 9
29 11 2
13 57 9
3 28 1
28 14 2
55 73 9
54 51 4
102 105 1
30 57 0
50 109 1
71 104 6
82 16 4
48 29 9
102 33 3
111 61 6
85 116 9
107 42 9
103 17 8
108 47 7
72 97 7
71 40 9
100 123 2
80 43 9
117 17 2
55 1 4
7 86 6
32 65 1
109 40 8
49 19 8
18 112 4
59 53 4
54 11 0
97 127 5
115 19 6
116 101 3
74 44 0
12 29 7
52 31 5
73 80 8
37 98 2
73 29 5
81 83 3
41 53 0
119 40 1
123 28 9
7 102 3
51 114 0
76 39 7
9 112 9
89 21 7
25 95 3
15 48 8
16 90 7
16 81 1
35 76 1
28 83 6
65 6 2
3 83 9
100 92 7
21 54 5
41 79 8
90 94 0
94 110 4
24 126 7
121 34 6
119 62 7
91 0 0
49 3 3
47 104 5
28 125 5
31 38 3
1 0 9
20 95 6
0 119 2
62 112 2
72 103 5
37 66 5
9 116 2
64 35 6
84 63 6
29 95 2
54 96 9
46 116 4
20 117 7
120 51 9
127 123 5
68 32 1
9 42 9
81 106 2
2 62 8
48 92 9
4 18 7
89 64 2
13 84 7
56 77 6
84 76 1
87 16 3
28 25 1
86 106 2
50 108 0
78 28 0
73 33 9
37 122 5
117 8 6
58 64 5
50 20 5
37 107 1
56 8 6
118 94 6
30 16 1
4 95 3
64 28 5
66 67 7
124 3 4
46 24 9
83 3 0
12 11 8
2 105 7
32 122 8
36 89 1
107 1 2
7 79 3
57 17 8
84 14 1
39 60 9
124 16 9
54 121 8
32 36 6
26 82 4
115 32 0
116 46 7
67 119 6
85 3 3
99 18 6
31 58 8
47 101 3
75 27 7
9 39 9
92 10 8
124 88 5
42 45 4
33 60 1
36 31 2
54 41 8
112 47 7
85 27 3
113 0 8
44 9 2
2 101 0
74 97 8
7 11 5
8 44 1
93 80 0
22 7 7
110 119 3
117 77 2
72 62 8
5 106 3
105 108 9
87 55 6
29 62 6
16 70 6
64 36 9
14 58 0
6 40 7
45 29 0
111 102 8
49 107 9
124 84 1
45 43 6
64 72 7
94 88 1
40 24 3
67 39 3
101 45 9
127 90 3
101 73 5
10 122 6
25 118 2
20 36 1
71 100 3
56 66 3
111 106 4
75 46 9
96 19 2
30 18 0
121 120 3
58 2 9
102 27 3
102 47 5
17 118 5
4 46 7
79 30 2
51 105 8
62 73 5
118 103 6
8 96 6
99 26 8
56 0 1
4 102 4
115 119 5
71 123 5
92 75 5
92 126 0
10 61 4
76 51 5
32 60 0
108 31 0
58 88 9
35 92 5
59 79 1
74 22 2
8 115 9
99 79 2
40 90 9
54 38 0
43 70 0
1 50 2
114 108 6
99 15 4
58 74 7
9 21 0
84 29 1
105 0 0
125 40 0
78 94 2
83 10 8
19 11 2
115 125 6
43 96 1
63 27 2
35 36 5
29 120 6
10 98 2
70 95 3
93 46 5
25 1 3
28 20 7
80 8 0
113 51 3
32 115 8
26 22 0
41 51 1
85 61 3
2 3 6
87 96 4
79 72 8
100 17 4
108 87 5
31 126 2
18 40 3
60 91 6
17 24 9
19 28 7
106 124 4
117 118 3
61 12 5
78 115 9
37 74 5
36 66 3
100 85 8
11 17 1
17 34 8
88 54 4
64 32 8
118 21 1
123 82 3
101 32 0
58 70 5
47 106 1
55 78 8
103 90 9
114 107 6
22 68 8
86 4 6
19 122 4
70 117 8
5 90 9
56 21 3
53 68 5
116 123 7
9 98 5
46 85 5
118 107 7
116 66 9
19 85 3
71 27 8
77 32 5
116 88 8
97 13 2
56 2 0
94 11 2
93 57 9
72 48 9
119 36 7
42 55 2
87 126 3
122 76 5
119 64 2
9 34 7
95 90 5
49 56 6
102 22 0
111 94 2
100 86 4
27 0 4
39 88 6
78 82 0
22 73 9
54 82 5
99 49 3
64 77 1
86 65 4
52 101 5
10 46 6
11 46 0
99 44 4
53 119 8
126 2 4
80 47 8
1 54 1
100 118 8
45 76 8
102 1 9
3 11 5
59 22 7
27 121 6
74 46 7
14 44 7
9 124 2
103 126 2
88 98 7
22 16 7
22 118 6
124 121 6
15 52 0
81 80 4
63 26 4
36 40 1
11 49 3
33 24 3
109 112 4
48 7 6
64 29 6
80 25 3
108 41 9
31 122 9
75 57 7
37 93 4
44 104 1
48 9 2
49 118 4
21 39 9
9 103 7
115 55 4
86 36 1
110 67 7
85 14 8
87 51 1
1 96 9
92 16 4
80 65 7
53 87 0
32 96 7
41 84 6
76 42 8
23 24 1
93 110 3
91 69 5
55 70 5
122 34 3
71 115 4
10 40 5
116 72 0
69 114 8
77 62 0
122 85 1
105 50 9
103 14 2
24 69 8
41 63 4
74 6 9
44 16 5
102 4 2
0 73 0
110 23 4
6 17 5
55 122 4
86 97 8
58 121 1
100 34 4
49 108 1
112 25 9
88 127 4
8 127 9
42 109 4
10 115 9
63 43 6
39 1 7
29 60 3
88 32 7
83 81 2
84 66 7
101 26 2
123 34 5
91 76 8
81 86 9
14 91 7
16 62 2
76 27 1
108 27 4
62 7 0
0 12 5
26 16 7
60 19 8
8 3 5
94 102 2
115 117 5
48 5 0
11 81 7
62 61 2
68 123 3
30 123 1
51 24 3
70 46 7
73 22 3
48 86 1
37 114 5
42 76 4
123 65 6
56 82 2
52 105 0
47 13 4
69 64 4
43 112 0
65 39 0
23 82 5
9 46 7
85 20 8
23 57 9
105 33 9
82 40 4
95 12 9
32 8 0
39 51 8
119 116 1
120 12 4
29 21 6
109 107 2
55 2 5
58 107 3
113 61 3
88 29 7
3 61 9
69 100 5
119 91 3
57 125 5
79 87 2
21 60 3
80 39 8
65 100 1
36 29 6
41 98 6
98 90 8
16 43 3
73 40 8
24 127 2
82 68 4
14 49 4
53 103 1
26 14 5
27 50 0
90 92 0
124 62 2
122 78 9
76 24 7
14 48 0
47 3 3
101 17 0
107 71 8
50 97 6
19 124 5
17 86 7
114 83 3
44 77 4
18 25 2
31 40 4
44 87 3
125 60 7
127 39 6
105 89 7
98 109 5
13 126 8
20 112 3
89 29 2
109 47 8
25 78 0
118 122 1
85 119 7
70 119 2
126 96 9
23 66 4
45 79 1
25 99 5
88 61 2
100 42 1
10 68 4
88 58 8
125 15 2
94 86 5
102 84 5
72 108 2
22 25 1
99 50 1
33 10 6
123 110 0
5 121 0
93 81 6
47 79 6
121 45 6
58 20 6
34 64 8
59 115 6
109 10 9
119 94 2
102 93 1
95 31 4
48 28 6
127 40 1
45 10 2
65 64 8
29 99 8
15 30 1
101 12 6
92 3 8
79 105 3
70 72 9
73 31 6
113 28 9
123 84 6
59 104 7
30 60 9
61 4 8
73 86 5
76 6 8
54 20 0
126 65 1
119 10 8
112 123 7
21 118 1
124 49 4
127 80 6
18 13 0
11 86 0
96 34 1
4 88 5
110 87 0
116 78 6
24 62 3
89 84 1
111 80 2
109 79 6
39 98 7
102 109 3
122 77 2
21 81 0
68 63 7
52 51 6
46 76 4
35 37 2
14 20 8
43 1 2
23 41 2
17 15 9
96 9 0
82 31 1
78 62 8
2 46 0
78 93 8
115 95 8
8 50 9
9 84 9
50 88 8
65 73 0
75 7 9
106 22 6
77 100 2
101 102 7
44 52 8
22 40 3
119 50 3
75 109 4
35 57 9
108 101 2
115 100 8
9 0 8
110 91 7
84 100 9
9 74 9
49 15 0
97 7 0
5 6 8
62 52 8
35 44 8
8 15 7
8 63 5
99 84 0
71 22 9
17 109 2
33 83 9
40 107 9
122 112 6
112 46 4
83 82 4
41 90 3
8 98 4
86 70 1
120 13 9
35 31 8
127 64 8
60 104 9
19 98 6
113 83 2
3 38 6
66 79 6
81 28 1
23 125 7
36 116 0
67 88 7
3 16 3
107 52 1
78 72 4
12 71 3
78 22 1
93 109 2
121 27 7
118 64 4
106 9 1
67 80 3
83 84 2
7 107 2
