20 17
18 3
3 15
25 31
24 29
6 9
21 18
26 23
17 14
7 11
18 21
3 22
4 13
17 13
27 6
5 16
19 27
7 12
26 31
9 0
8 31
22 3
17 29
14 3
25 22
31 10
3 27
17 9
11 9
1 30
4 8
11 31
8 20
31 16
19 18
19 9
21 5
6 4
8 24
22 2
15 21
12 18
16 29
6 28
26 11
10 13
25 9
29 13
27 17
22 17
22 29
21 30
21 11
0 4
0 13
23 17
10 18
12 17
15 6
28 20
11 6
1 5
15 30
18 11
15 8
28 5
5 17
4 27
28 4
31 28
17 22
13 28
9 26
13 24
0 9
15 13
17 30
11 3
9 27
11 5
0 17
22 4
9 11
15 26
2 28
22 11
3 23
12 15
26 7
23 3
9 3
19 31
7 31
18 16
11 1
11 13
29 1
24 20
5 27
11 17
10 14
13 6
2 7
13 25
10 16
27 19
19 15
19 26
14 5
11 25
6 22
6 3
23 30
23 28
25 2
16 27
9 18
2 23
11 12
0 26
22 19
20 4
24 31
21 4
1 13
3 25
9 28
27 23
0 12
18 9
30 20
0 10
1 7
17 1
20 22
21 9
10 11
14 11
24 17
4 1
13 0
25 13
12 11
23 10
0 23
20 1
31 5
2 0
12 22
22 24
2 12
1 12
23 15
0 28
16 14
28 9
27 8
10 7
22 9
12 24
