51 44 9
44 49 8
21 1 8
14 60 2
63 40 0
1 19 6
3 41 9
59 14 0
0 58 2
11 9 8
15 60 2
33 40 0
53 61 3
59 11 4
59 10 0
34 12 7
28 15 3
61 11 7
63 11 0
0 22 1
42 37 6
0 6 8
8 59 6
18 54 7
24 50 8
6 20 2
8 48 3
51 45 8
44 45 3
32 45 3
30 23 7
24 23 5
58 32 7
26 50 3
6 10 5
60 16 5
62 24 1
15 11 5
44 56 4
19 24 5
17 54 4
52 14 5
29 9 1
2 35 3
30 41 7
43 37 4
13 35 2
30 51 4
29 31 0
9 50 2
34 3 1
18 55 5
26 21 6
1 23 8
27 53 1
62 33 7
50 46 2
63 12 7
23 42 6
39 51 9
15 22 4
46 40 4
28 2 3
18 4 0
44 31 8
48 29 7
25 16 9
37 15 1
37 38 9
3 13 7
20 28 9
41 11 9
53 39 6
22 57 0
14 38 3
60 22 6
11 47 4
8 20 1
18 57 5
5 61 4
44 17 3
41 58 2
15 47 1
55 5 4
35 20 0
46 16 4
22 28 3
15 36 0
22 54 5
4 60 4
62 40 8
21 18 2
55 33 4
0 24 7
3 59 3
43 41 4
42 63 4
23 14 2
25 37 5
21 41 1
13 39 7
23 61 1
28 52 6
16 53 8
9 56 7
23 35 6
53 13 4
47 37 6
13 62 3
34 19 6
51 33 8
45 56 9
56 20 9
37 36 6
41 46 4
41 5 8
17 58 9
57 41 2
48 54 9
11 25 6
16 12 5
60 57 0
37 50 2
2 23 9
21 0 7
31 41 4
13 59 4
9 52 3
41 36 1
42 59 2
55 14 6
48 26 1
34 59 5
57 0 6
58 51 6
35 43 1
30 29 0
19 56 2
55 9 6
39 52 5
39 43 4
35 27 0
4 62 3
40 55 3
32 49 2
56 21 7
58 12 4
50 36 8
60 5 7
48 32 9
27 10 6
54 15 7
29 44 8
61 29 2
54 50 2
20 38 0
32 44 1
5 42 9
10 16 3
42 29 2
8 4 2
61 18 5
41 32 5
6 33 5
57 63 9
31 23 9
11 34 8
54 41 6
6 32 7
35 50 6
48 59 4
51 56 8
18 33 1
47 39 8
2 32 7
41 63 8
49 11 1
61 1 4
20 7 1
21 42 1
11 26 8
5 13 2
17 32 1
62 15 5
12 18 3
25 59 3
62 44 2
43 53 2
50 6 5
28 10 6
54 8 1
4 63 6
36 22 3
51 21 9
5 53 3
1 20 7
45 62 2
23 41 1
21 27 4
34 6 9
42 41 5
41 30 3
0 17 3
21 16 0
10 41 5
30 0 1
20 5 0
42 32 4
18 23 2
25 5 4
2 54 2
32 12 2
49 21 5
28 43 1
58 44 2
23 8 4
28 54 0
61 60 9
20 36 6
25 55 2
16 51 7
28 47 4
49 0 4
28 7 9
8 55 8
16 60 4
7 42 9
3 43 0
40 5 1
31 34 5
18 31 7
1 13 4
1 62 5
30 26 6
53 34 0
34 45 1
12 53 9
56 17 5
61 6 4
31 12 0
62 45 3
12 0 2
10 39 0
36 21 9
6 59 4
56 29 8
50 42 9
47 34 2
20 31 8
24 63 0
46 61 0
5 9 6
29 19 9
20 55 6
63 61 6
14 54 7
10 40 9
59 23 5
61 43 1
5 3 0
26 49 1
9 30 9
39 20 9
39 17 7
53 7 7
63 47 6
58 6 4
55 49 5
60 52 7
22 37 0
50 27 9
16 47 8
23 22 4
29 61 7
28 50 7
51 49 4
12 43 9
8 34 2
7 31 9
8 53 2
8 40 6
18 56 9
56 16 1
50 45 3
61 9 9
16 61 7
19 9 6
28 17 1
22 24 4
5 32 9
26 40 3
10 58 0
41 50 2
30 36 9
17 34 2
55 50 7
14 5 4
16 33 7
53 56 9
57 61 3
51 23 6
20 33 2
46 10 9
24 41 1
47 58 9
16 49 2
45 63 5
20 16 7
11 5 1
27 63 8
10 50 2
19 53 1
30 58 1
7 35 5
1 47 9
58 50 4
14 2 1
26 8 4
13 63 1
63 34 3
52 48 5
2 55 8
63 57 3
12 44 0
6 30 5
21 33 8
47 41 3
36 48 8
35 41 7
5 40 5
28 29 8
45 31 3
34 30 2
52 22 2
19 23 5
52 45 2
29 54 8
13 12 8
54 33 9
30 9 6
59 33 9
26 48 1
56 57 7
9 19 6
32 24 2
17 4 9
30 16 9
20 50 1
51 59 9
46 28 8
9 12 0
1 5 7
36 51 2
55 51 2
15 40 3
28 57 3
2 24 0
35 44 2
6 31 5
7 14 9
20 23 1
14 24 3
59 60 0
49 51 7
7 3 5
42 31 1
51 10 5
31 52 7
63 25 9
13 26 1
36 39 3
60 58 6
33 44 0
40 47 7
18 15 8
53 9 4
1 8 9
20 21 5
59 57 3
48 53 3
32 46 4
1 27 6
41 10 3
59 25 2
