9 57
14 0
17 48
44 50
60 3
34 51
50 2
15 34
48 43
44 12
51 33
30 38
22 40
13 44
49 57
36 59
59 3
34 39
54 30
42 24
17 28
26 33
62 11
12 42
23 0
11 53
38 33
30 51
13 15
44 49
10 31
35 5
34 5
44 24
35 22
48 53
50 11
22 49
22 34
27 45
34 8
8 0
59 22
16 40
7 26
7 43
32 41
48 12
2 20
35 50
9 21
61 31
6 19
1 34
0 36
9 35
44 17
35 40
39 51
16 47
14 23
26 46
0 10
58 2
30 29
53 39
51 50
6 57
6 8
27 6
44 36
41 24
54 13
0 29
0 16
12 14
39 38
60 40
49 55
42 15
20 31
55 7
18 61
1 24
5 28
30 49
1 8
10 55
21 10
20 21
27 33
36 2
7 32
42 56
23 21
8 44
52 63
51 6
60 52
30 2
17 61
51 18
5 61
9 26
8 29
47 35
62 19
37 6
52 16
55 25
5 43
32 2
31 62
4 48
59 55
2 0
53 11
26 61
41 10
32 39
29 5
45 17
21 44
29 58
50 20
20 56
63 52
58 31
50 62
15 46
53 18
46 42
29 9
39 6
19 7
46 48
13 27
2 34
7 31
51 49
50 51
37 44
18 23
42 33
5 31
51 52
10 17
61 49
23 16
57 5
0 6
33 2
33 5
34 21
54 20
8 27
0 26
51 42
59 56
10 47
44 20
0 41
5 23
57 62
4 62
60 45
38 30
50 9
51 41
29 59
4 30
21 55
8 16
48 18
63 28
38 63
6 44
23 63
42 52
57 47
50 54
28 24
20 14
33 7
55 63
2 60
29 23
51 37
39 35
56 39
0 30
38 6
10 61
5 53
49 63
36 35
53 0
60 9
14 29
16 6
28 18
2 57
41 53
31 16
25 23
53 30
31 0
27 36
53 13
35 25
48 24
25 44
33 39
10 49
45 38
3 47
32 44
37 63
61 62
22 52
23 11
18 54
11 46
26 0
59 62
25 43
22 50
24 56
26 34
41 7
8 45
55 40
25 28
39 22
11 49
9 29
39 20
11 1
21 6
63 46
50 22
33 10
14 59
44 55
2 52
36 57
29 62
21 4
20 47
2 31
32 11
61 7
31 8
9 52
15 8
35 1
30 4
11 44
63 55
36 1
43 8
59 8
6 16
0 15
58 32
26 55
40 57
0 49
46 15
57 17
16 24
21 27
4 20
18 40
21 61
49 16
6 55
33 19
18 33
34 13
1 60
4 41
53 4
26 35
19 20
52 35
44 9
62 48
29 16
25 51
14 10
3 20
1 36
5 9
5 37
48 58
42 11
30 61
31 18
33 11
28 31
59 57
48 20
44 62
30 48
18 32
20 57
52 26
2 21
58 17
34 59
50 3
6 14
34 2
7 18
16 53
36 34
21 56
27 9
18 29
36 24
5 38
61 33
29 55
34 35
5 4
37 13
23 60
1 39
49 37
10 6
29 37
15 48
3 45
35 39
5 40
13 2
10 19
10 3
10 16
8 48
29 31
44 30
6 29
3 16
35 32
54 50
16 57
31 52
32 36
28 46
13 11
12 24
27 20
8 56
22 57
17 25
10 52
58 0
38 10
62 25
41 27
7 16
25 15
20 37
39 47
40 44
35 62
37 52
24 47
40 18
47 14
28 40
19 27
54 9
13 55
18 38
6 38
11 45
28 61
48 63
60 21
51 20
5 27
