38 116
41 66
93 60
93 95
121 19
40 70
75 58
108 81
32 119
63 118
123 91
51 43
27 111
0 14
3 69
106 41
58 19
108 23
80 73
118 73
93 30
15 40
89 123
114 56
111 109
20 35
24 47
18 24
61 22
94 39
63 24
59 43
47 11
117 37
84 82
67 99
122 28
94 115
22 80
44 5
61 64
40 85
111 59
109 44
81 75
84 16
99 15
60 18
26 49
55 110
3 123
81 125
23 47
112 45
127 28
51 60
92 91
17 75
22 126
120 103
74 76
120 45
91 52
64 117
101 119
99 104
114 52
101 10
99 85
55 98
114 106
30 78
70 47
26 92
45 18
68 119
94 60
37 57
112 101
46 85
92 17
61 79
69 34
89 40
119 16
10 105
123 40
56 65
87 82
29 4
100 97
124 66
29 33
123 13
6 41
58 31
49 127
65 10
39 57
27 49
34 22
89 90
87 48
44 116
52 16
86 48
82 115
81 77
1 87
118 99
58 48
3 107
47 68
118 86
125 17
7 32
39 96
122 126
16 39
114 69
55 72
117 10
60 71
87 61
32 88
126 35
68 46
104 58
4 101
75 12
5 114
108 0
112 125
39 98
66 94
43 55
104 103
126 64
36 29
14 68
117 12
104 57
58 80
115 63
53 62
75 59
48 55
59 32
52 98
3 118
64 46
46 41
21 44
105 57
73 119
125 63
3 101
120 62
53 108
125 107
42 72
38 91
127 97
123 52
67 126
42 3
44 88
44 65
5 21
122 78
12 120
13 16
93 6
78 19
114 75
126 28
19 36
119 18
5 115
70 72
75 30
73 120
95 78
13 90
29 26
82 42
42 47
48 120
66 34
67 64
63 86
100 54
104 105
41 47
49 27
32 125
57 105
117 24
56 2
114 85
28 68
127 70
116 48
62 54
82 1
119 17
87 91
72 64
69 113
111 118
12 15
115 69
120 104
94 48
107 80
5 7
21 5
78 9
53 12
63 7
14 54
25 101
18 97
37 87
82 20
77 95
35 65
36 28
41 2
76 20
83 82
28 104
87 106
113 12
118 48
19 4
103 44
106 121
13 15
80 96
63 71
94 99
99 8
102 48
28 57
2 56
33 89
34 18
101 25
66 120
29 41
37 7
34 50
23 114
18 59
16 81
2 110
53 102
118 27
22 19
84 24
75 117
113 110
7 86
7 73
78 36
44 21
38 67
8 56
126 24
10 0
6 63
102 125
90 124
16 46
20 91
35 5
73 42
91 80
115 42
117 102
124 67
100 4
124 98
28 6
98 34
69 73
69 47
77 90
11 112
95 84
26 59
37 13
101 26
116 2
59 112
70 31
116 66
1 16
72 99
50 13
44 82
44 114
1 121
76 12
105 43
97 3
102 6
16 75
32 4
78 91
116 20
122 104
86 123
120 30
94 43
43 11
125 87
125 126
11 57
116 108
60 91
114 76
38 18
81 116
109 69
8 103
46 94
98 38
124 64
81 39
75 78
126 72
77 78
17 88
7 6
68 67
97 54
16 7
72 97
124 53
38 4
28 84
99 126
123 95
62 76
7 10
27 5
82 104
84 100
64 91
106 4
31 75
58 47
82 2
16 78
55 54
11 54
81 6
21 15
82 28
25 109
34 108
85 118
80 21
81 58
25 112
5 83
31 87
85 47
38 12
102 121
95 113
47 48
119 68
64 73
97 89
55 3
69 12
121 21
34 74
79 59
59 84
15 90
44 100
10 82
113 112
75 80
97 122
1 88
62 65
33 31
26 88
34 96
101 27
117 7
102 69
66 33
25 81
123 69
54 5
23 39
117 98
119 86
92 120
46 27
57 80
58 84
40 93
52 13
120 41
20 94
110 87
127 8
40 123
77 94
0 101
5 118
71 125
76 36
117 123
63 47
75 121
3 115
86 55
1 79
96 21
45 79
108 45
87 21
40 36
115 40
9 121
30 81
118 107
117 107
102 52
45 29
36 4
84 37
83 53
59 0
4 39
45 91
60 85
127 48
126 9
41 28
90 31
7 79
10 109
3 37
30 48
66 67
52 23
104 7
76 35
8 80
75 53
43 7
11 42
55 9
51 96
127 45
92 10
26 95
47 57
16 113
124 68
8 100
76 84
8 84
36 83
9 79
90 20
122 18
29 45
114 67
59 114
112 23
124 10
119 43
67 7
28 63
75 37
36 23
121 44
107 30
127 117
109 89
9 103
107 39
21 94
106 80
80 90
103 76
100 94
119 40
101 19
103 49
56 11
72 50
55 52
80 54
41 61
16 50
37 123
89 58
89 67
10 41
29 113
117 2
80 108
42 53
0 17
102 56
29 47
106 84
99 58
11 12
120 27
62 29
22 24
87 112
91 97
25 121
82 15
123 34
123 37
88 123
54 62
52 83
109 30
40 80
89 51
92 81
78 27
110 100
51 69
84 14
38 110
7 120
125 2
27 120
39 115
116 94
49 40
49 31
70 89
111 31
12 76
112 90
103 94
63 26
35 19
40 73
1 48
66 126
50 93
119 90
80 107
56 1
19 105
32 89
67 16
121 79
92 105
42 67
72 105
93 107
124 5
53 126
53 119
124 104
84 115
66 36
94 122
37 113
99 70
75 38
86 68
118 50
45 32
9 82
97 5
87 22
3 13
13 0
117 97
115 55
5 82
49 42
67 20
112 14
59 70
82 49
120 0
81 109
117 90
95 23
108 99
36 121
99 25
90 86
80 95
40 1
10 108
21 122
122 80
65 77
1 57
77 82
39 66
44 102
25 12
125 5
111 33
127 82
58 89
40 10
57 81
11 67
61 33
61 55
113 126
4 115
56 81
69 95
20 114
69 45
126 67
50 109
100 49
63 31
11 103
41 68
56 53
7 117
45 71
67 49
58 123
3 0
90 23
114 31
68 112
98 118
93 71
40 28
102 51
3 15
119 60
68 126
49 26
98 5
16 28
0 19
28 90
42 14
122 110
126 92
100 91
35 12
119 9
63 123
25 54
55 93
52 104
120 119
71 90
124 87
118 125
106 19
87 20
33 81
2 32
46 102
123 81
91 50
110 116
105 37
81 29
13 73
20 84
35 17
43 26
14 21
45 101
41 78
55 43
110 101
18 106
93 17
55 75
5 32
112 87
62 125
32 82
82 68
99 125
94 113
19 11
87 60
89 14
104 72
115 122
50 41
127 15
59 54
90 64
87 74
23 21
71 56
103 25
124 75
23 90
60 42
102 62
33 78
6 20
72 56
62 71
71 121
126 33
57 85
107 81
106 51
9 81
76 5
28 99
95 89
13 68
108 116
2 14
66 9
34 11
65 96
82 9
89 80
42 19
37 22
100 15
73 109
97 21
114 125
121 81
86 6
21 67
122 23
81 61
32 115
72 98
84 26
107 45
107 21
64 16
43 36
32 116
17 1
10 3
126 3
84 85
9 105
24 4
1 105
65 33
92 9
3 48
35 110
94 14
4 30
31 47
67 63
36 84
88 62
49 44
19 58
22 43
62 23
20 127
56 113
8 60
33 44
42 127
58 46
30 89
94 97
24 2
53 88
48 13
23 97
58 42
27 80
86 90
103 106
89 31
91 98
91 125
14 6
124 72
52 26
123 58
20 49
19 68
62 42
37 120
84 65
72 42
27 47
21 116
79 112
86 42
109 100
48 106
4 79
119 0
9 12
49 28
80 111
70 118
104 27
55 48
69 82
96 90
75 29
89 56
1 10
34 46
111 39
125 102
39 7
114 88
35 67
71 106
57 47
5 112
96 74
66 64
37 8
111 112
37 72
40 39
82 75
85 65
114 83
40 25
90 26
113 125
93 56
103 22
104 108
6 72
8 92
81 119
76 118
63 116
29 18
63 115
83 49
70 123
74 32
22 59
29 115
116 5
10 92
113 16
36 40
89 44
4 42
35 80
32 98
69 62
116 4
49 72
54 119
67 0
23 89
60 52
77 48
57 87
12 43
103 48
83 64
92 88
106 127
40 11
97 109
73 86
114 122
30 40
113 97
40 8
59 100
60 8
20 118
95 32
33 70
