0.019846
0.020962
0.031083
0.010254
0.009365
0.032999
0.013419
0.004032
0.015092
0.000763
0.025729
0.002358
0.029939
0.000862
0.008302
0.032658
0.000005
0.003661
0.031534
0.013909
0.007919
0.030181
0.012783
0.010195
0.012809
0.030202
0.017008
0.027458
0.011801
0.013425
0.002163
0.031647
0.000961
0.033246
0.008475
0.010326
0.032818
0.021894
0.014358
0.014484
0.022657
0.006661
0.016842
0.019170
0.007523
0.025144
0.018402
0.007528
0.028805
0.016509
0.021437
0.003298
0.013264
0.000794
0.013493
0.026073
0.030996
0.030500
0.020105
0.009371
0.010500
