79 115 9
218 255 2
121 77 0
134 43 8
101 36 9
90 155 7
244 5 8
82 200 9
179 28 3
255 35 0
26 115 3
85 77 3
216 198 2
112 76 9
118 177 0
23 12 1
249 0 8
227 82 9
30 5 9
173 5 6
167 31 1
21 116 0
130 76 0
60 189 3
34 51 8
44 75 8
209 68 7
123 39 7
238 70 1
125 243 2
48 155 5
85 176 9
200 50 8
0 110 3
133 144 0
187 254 5
255 65 7
39 215 7
109 114 9
96 18 7
251 209 6
171 4 8
221 132 3
76 193 0
220 50 6
153 237 5
38 237 2
47 20 7
39 129 3
156 225 3
65 221 0
59 136 7
254 102 5
193 178 7
9 142 1
14 39 8
17 78 1
85 125 3
113 164 8
254 64 2
158 129 9
14 189 3
131 187 7
125 124 1
56 133 2
37 147 5
255 164 7
199 250 9
162 107 5
255 105 6
61 7 9
88 22 0
251 153 1
5 22 3
192 78 1
10 115 6
124 115 1
59 58 7
120 220 0
90 219 3
124 24 3
31 112 1
128 108 2
155 113 3
51 49 1
80 60 1
0 184 8
85 243 8
164 108 6
94 198 0
130 66 2
173 97 5
238 225 9
200 125 6
185 176 7
235 172 8
163 210 6
151 50 0
3 110 5
201 134 3
11 183 8
108 88 4
78 101 2
203 227 4
123 146 1
123 126 9
123 33 5
209 184 3
204 187 5
37 132 0
0 143 9
136 252 5
254 74 0
60 21 3
52 144 5
37 11 5
194 134 9
49 88 9
210 36 7
226 73 5
120 73 9
197 209 3
106 207 1
116 11 6
97 64 8
224 101 1
222 40 3
253 89 3
212 44 9
103 14 0
127 134 7
38 75 8
201 181 1
182 41 5
184 138 7
74 106 8
231 72 8
10 69 6
134 26 2
37 129 6
14 0 8
63 38 7
66 239 2
19 165 1
240 93 9
13 167 3
144 142 0
58 153 9
62 31 1
110 68 7
172 82 1
112 146 4
127 212 3
67 231 5
48 216 2
167 229 0
137 117 0
179 176 9
34 238 8
172 93 3
183 9 9
194 122 9
244 249 1
22 61 9
221 109 3
1 21 6
205 158 6
40 81 2
27 115 8
46 31 1
133 214 9
46 153 5
106 141 0
121 163 5
112 128 5
63 130 8
244 79 0
30 119 9
248 147 8
192 193 8
230 70 6
83 190 8
225 96 6
132 64 2
5 141 4
135 239 4
214 239 2
78 64 0
225 4 8
162 232 0
232 163 1
92 246 7
59 215 4
147 92 8
91 97 9
99 232 0
95 190 3
121 12 5
139 237 5
94 143 6
22 119 3
228 212 3
111 15 7
91 162 5
135 253 2
64 97 6
232 192 2
127 58 3
86 197 2
50 35 4
246 58 9
93 30 9
186 141 4
239 233 2
128 112 4
114 177 7
76 153 9
229 25 9
138 111 9
28 161 8
62 151 6
216 244 6
69 175 6
194 158 9
224 31 7
252 145 2
121 222 6
183 195 9
46 77 8
107 105 4
204 168 1
102 128 2
31 197 3
101 135 9
148 104 0
51 100 8
132 222 6
110 149 3
113 195 0
227 47 1
247 251 3
163 97 5
67 128 7
146 229 8
127 121 6
140 173 1
42 49 9
166 159 0
229 16 5
113 243 4
102 235 7
4 142 3
33 209 9
4 99 1
111 226 2
65 110 9
120 152 6
141 62 1
55 35 3
165 148 3
65 251 2
217 255 6
210 32 7
75 37 0
170 148 4
131 213 3
8 78 3
191 219 6
20 19 9
122 184 8
211 249 1
23 210 6
233 164 6
140 240 3
146 154 5
122 29 9
209 38 7
193 229 8
239 249 7
64 115 7
38 70 5
7 93 7
231 70 2
232 210 8
13 100 6
199 223 2
86 176 2
51 113 5
235 96 6
183 161 8
58 199 6
183 207 4
7 182 6
251 158 5
223 172 1
93 115 8
249 201 1
187 252 4
98 231 5
3 158 0
23 217 1
113 144 0
41 151 3
40 146 7
249 113 1
46 207 8
67 200 9
8 132 1
62 230 5
213 233 5
13 0 2
13 114 1
219 155 0
96 195 1
132 188 4
83 235 7
150 46 2
161 54 2
169 116 2
152 74 2
37 87 6
140 100 6
131 64 6
17 160 1
50 36 2
197 120 9
38 14 1
80 175 3
254 88 9
147 240 5
17 22 5
143 162 7
128 37 9
12 54 0
91 105 2
103 46 6
94 84 2
131 165 2
222 163 8
174 54 7
199 71 5
56 215 5
14 87 2
35 99 4
217 190 5
180 38 1
6 132 2
103 8 7
119 230 4
223 148 7
56 92 4
167 148 9
184 162 6
238 198 3
91 159 6
48 83 4
52 90 0
140 193 4
137 56 3
41 23 3
0 80 1
31 247 4
20 176 8
97 158 8
16 249 2
126 42 5
18 94 7
43 234 8
75 115 4
82 156 6
238 157 0
229 188 1
113 208 9
160 49 2
148 66 7
40 192 1
16 211 5
81 254 3
84 73 4
142 156 3
224 138 6
130 111 2
28 225 8
101 129 6
77 21 4
47 62 2
58 78 5
164 159 5
247 243 7
190 130 3
33 98 7
33 229 4
221 1 7
105 102 4
39 180 8
39 227 0
232 29 6
123 193 5
13 185 9
232 119 9
95 152 3
96 185 2
208 150 7
34 255 0
244 39 2
220 78 1
2 54 0
118 178 6
138 191 3
145 167 4
26 6 6
5 102 5
214 54 3
167 88 2
223 77 7
203 41 6
154 44 2
135 162 0
53 44 9
156 189 6
122 215 6
240 221 2
31 179 7
228 90 3
168 58 2
148 5 0
206 160 6
62 39 2
97 92 3
66 248 8
203 114 8
89 98 9
78 129 4
121 101 8
252 13 6
205 161 8
199 111 6
237 174 5
181 15 1
170 81 7
93 28 1
231 118 9
78 196 6
104 61 5
220 57 8
139 6 8
63 205 9
147 186 7
14 112 2
229 26 6
180 119 6
245 94 2
152 172 6
188 20 5
69 241 7
219 124 1
19 187 1
187 78 3
16 92 9
117 65 4
43 245 3
253 234 0
70 130 4
82 62 9
156 131 6
31 94 0
168 114 3
255 45 9
17 61 5
146 178 0
46 221 7
66 219 7
180 33 9
210 115 3
5 15 0
41 46 2
201 215 6
36 214 3
205 231 3
210 122 5
24 168 1
83 234 4
120 158 3
31 113 0
4 118 6
108 160 6
51 105 3
107 142 0
209 91 1
116 46 5
201 70 8
252 154 2
10 18 1
57 50 8
220 54 2
142 163 0
110 214 6
38 65 2
180 18 7
41 134 1
25 80 0
177 76 8
51 87 8
84 144 2
230 108 7
239 250 0
151 105 4
169 143 9
73 67 8
69 108 8
110 133 4
222 54 7
232 106 4
5 190 0
83 165 3
216 148 5
0 43 0
254 213 3
62 30 6
144 99 1
104 210 2
145 176 3
6 153 3
210 158 5
46 241 2
247 202 2
187 202 2
231 201 7
163 7 9
161 151 9
12 255 7
253 144 5
36 150 2
181 104 8
4 151 6
249 142 6
129 73 4
53 49 9
190 212 0
102 117 7
113 130 9
78 127 9
219 163 8
2 88 0
198 92 9
124 85 8
252 215 9
71 12 8
90 203 8
117 49 4
38 162 8
215 240 5
25 203 8
241 205 8
49 148 2
9 16 6
111 13 1
30 84 1
255 174 4
179 35 3
221 74 3
137 33 5
180 58 5
130 43 4
168 93 4
43 102 5
3 213 8
178 243 2
109 242 6
244 166 4
171 131 2
5 13 1
78 193 2
99 68 9
70 236 6
188 23 6
67 26 5
215 204 3
191 58 1
86 46 9
16 217 3
20 222 2
57 45 1
153 144 1
37 214 0
13 147 9
92 214 6
127 174 2
150 109 8
160 195 2
79 211 8
130 231 6
194 33 7
196 186 6
9 223 4
59 237 3
133 73 4
233 200 8
25 95 7
132 255 7
28 78 4
142 209 4
223 147 7
92 87 5
106 97 9
79 156 8
198 33 9
20 10 7
16 36 8
122 168 5
167 196 8
167 83 1
143 50 6
152 142 2
92 249 5
255 72 9
143 14 5
104 35 7
9 51 9
10 173 1
9 84 8
87 252 9
118 139 1
41 36 3
51 128 2
158 127 6
165 14 7
206 118 2
2 127 7
89 137 3
89 147 5
29 234 5
52 97 3
125 138 9
84 189 7
37 91 8
61 0 8
100 207 2
174 209 1
44 42 3
87 131 8
214 160 4
82 212 7
89 81 3
132 166 4
47 203 5
89 8 0
145 109 1
63 27 0
108 71 4
35 158 6
109 117 4
162 199 1
55 32 4
87 164 0
51 211 1
107 44 8
163 189 5
170 252 8
130 104 4
132 140 8
10 249 5
49 155 4
44 211 8
120 42 6
107 93 7
40 200 9
238 107 0
33 21 4
112 151 5
6 28 3
58 38 0
228 87 2
84 131 7
229 252 9
25 103 4
33 143 7
84 126 0
69 159 6
49 15 5
134 21 1
103 80 4
66 52 5
184 136 3
1 109 9
116 135 6
68 168 9
221 252 3
226 65 5
252 115 6
173 249 0
123 97 6
111 163 2
186 91 4
137 92 4
84 208 5
134 20 1
72 242 7
135 212 7
102 208 6
87 89 4
184 173 3
91 53 8
182 69 7
18 195 8
226 200 4
247 117 2
233 31 4
189 10 2
141 104 7
10 191 2
3 120 5
106 211 0
140 138 2
56 156 9
56 127 2
190 118 7
141 95 0
227 28 2
159 169 0
177 179 8
27 182 0
51 33 7
127 173 9
17 229 6
103 29 1
133 220 9
24 105 8
203 76 0
135 235 1
172 156 6
144 184 1
236 235 4
27 106 9
213 124 5
43 227 8
0 104 4
75 128 7
245 75 1
187 211 1
42 127 9
76 15 5
37 251 2
31 22 5
199 235 7
84 22 6
254 22 6
133 97 8
116 86 0
176 17 7
215 59 0
154 136 7
22 173 2
124 205 8
77 148 8
154 232 2
202 230 9
98 107 8
123 224 1
223 144 6
22 103 8
204 1 4
145 23 5
81 148 8
39 225 4
233 124 8
194 70 1
177 169 8
1 36 8
168 3 6
97 25 1
85 229 7
209 118 8
250 199 8
241 238 8
123 216 0
238 154 2
71 75 3
11 76 1
176 245 6
228 86 7
128 171 4
29 124 6
247 26 7
230 68 1
190 234 3
88 214 8
163 108 1
239 37 5
228 226 8
58 183 4
229 114 7
97 162 0
216 154 4
63 128 6
34 62 8
243 150 3
11 57 3
47 40 4
2 13 6
186 71 6
242 45 4
71 142 8
110 102 0
174 166 4
51 200 2
161 188 2
230 199 1
151 246 8
110 249 9
38 179 8
150 166 7
120 237 0
253 91 6
27 10 0
186 61 1
150 222 1
9 197 4
180 92 9
136 202 4
105 241 7
146 135 3
231 0 1
203 253 2
22 24 0
6 210 3
191 105 8
52 114 1
113 38 3
164 175 2
208 24 5
175 170 8
53 146 6
85 118 7
110 79 4
64 100 1
169 88 4
27 17 9
66 39 5
241 7 5
9 216 0
180 48 3
70 137 7
163 222 4
23 76 5
145 141 7
202 54 2
56 82 7
23 148 6
154 133 9
237 142 5
240 66 2
39 136 7
7 44 1
93 67 6
2 212 3
11 158 5
109 215 7
225 238 5
123 137 2
29 118 7
150 102 9
64 142 0
115 149 4
133 242 3
227 244 1
206 255 9
239 109 4
99 78 5
106 201 8
247 230 6
18 125 5
111 189 5
85 49 8
103 182 8
188 153 8
229 103 1
173 86 8
75 185 6
216 36 4
238 27 8
123 45 1
110 156 3
239 242 2
5 89 2
13 22 9
9 251 8
4 168 4
109 244 4
35 204 6
163 187 1
10 54 8
237 164 8
142 147 2
96 152 6
232 165 0
9 174 9
145 178 0
112 31 2
8 67 8
196 230 7
155 240 9
159 222 7
63 108 8
210 205 2
190 181 7
192 191 3
189 80 2
99 192 3
253 200 2
100 140 5
133 39 1
221 198 1
216 6 2
103 216 3
141 150 0
89 86 3
210 19 2
254 119 8
74 116 1
87 77 4
127 179 1
69 246 5
75 166 8
8 185 2
97 15 7
51 35 9
50 154 8
124 14 1
84 231 6
162 69 7
85 128 9
75 147 8
242 14 4
21 22 9
107 119 7
179 170 0
60 220 4
200 88 0
31 173 3
206 79 2
251 164 0
110 239 6
45 225 0
15 247 2
170 98 7
85 21 5
35 82 4
139 26 2
2 58 9
95 8 6
2 3 4
36 114 8
218 159 3
158 174 0
120 88 7
201 174 6
98 157 1
125 205 3
183 171 2
191 215 2
194 168 7
52 104 7
211 9 0
129 162 4
218 157 8
136 173 7
89 16 4
182 141 3
21 68 2
212 3 0
148 197 2
121 250 4
57 205 9
151 79 7
109 41 2
13 177 6
114 10 2
116 193 1
68 214 7
190 170 0
16 63 1
10 184 3
108 241 1
216 136 6
229 246 9
144 3 4
232 118 0
80 234 9
69 46 6
126 237 2
186 253 3
187 8 8
183 116 9
128 76 2
152 50 0
217 194 3
203 170 1
10 133 7
56 25 5
119 35 5
50 43 3
233 159 4
105 236 8
1 30 8
218 224 4
165 138 5
109 132 3
242 195 8
11 128 7
98 247 6
55 41 5
66 19 7
117 124 5
87 126 3
224 88 3
18 254 9
99 107 7
191 93 4
83 104 6
12 202 9
233 2 8
240 68 1
151 185 6
42 17 4
219 241 8
108 3 8
135 102 3
38 37 4
136 120 6
106 133 5
67 110 1
70 94 5
91 246 9
237 32 4
253 252 9
102 104 8
204 240 8
158 22 6
204 159 8
99 9 3
196 77 5
39 147 2
206 238 2
47 220 8
161 217 8
4 63 5
106 12 9
55 170 9
41 118 8
147 217 6
131 157 9
224 196 0
156 147 6
78 194 0
33 100 4
239 104 7
38 211 9
77 10 7
139 51 6
103 198 3
77 73 3
128 42 7
70 198 6
251 21 7
139 54 7
245 37 5
159 76 8
84 153 0
180 36 5
138 140 6
57 217 5
134 90 7
152 160 8
60 155 9
163 39 7
110 28 4
162 187 4
168 16 6
185 196 2
252 78 2
6 135 2
90 14 2
215 166 2
27 226 2
116 134 1
3 244 3
184 150 9
184 63 5
82 248 5
17 244 5
91 251 8
127 85 8
253 44 6
28 72 9
214 188 5
183 192 1
180 120 6
109 48 9
54 131 1
195 148 9
158 239 2
1 111 7
113 108 2
250 129 2
182 0 7
118 115 6
238 125 5
31 198 0
162 7 1
54 61 0
37 109 7
148 243 4
1 165 0
137 159 5
232 85 7
253 204 1
199 186 2
255 217 1
109 123 0
158 177 1
110 215 5
63 107 8
130 108 3
76 246 4
152 222 5
227 219 1
162 163 2
223 162 7
226 15 9
236 173 8
52 28 3
233 91 9
145 221 3
222 42 9
202 194 9
11 165 3
25 72 0
225 39 2
130 9 5
159 245 0
110 41 8
19 18 8
36 163 3
162 129 5
21 75 1
103 87 1
148 112 7
100 81 2
214 211 5
87 115 4
133 225 8
208 244 4
118 25 2
249 187 3
167 208 7
22 55 8
43 203 8
136 47 9
12 5 0
153 92 3
28 226 6
200 178 1
134 40 0
232 33 7
204 200 9
251 223 3
129 10 8
119 147 8
190 159 5
216 57 6
102 85 6
212 29 0
55 163 8
179 140 5
234 88 0
242 83 9
49 212 7
59 75 4
117 9 8
181 225 1
81 71 2
207 28 3
255 83 6
87 7 6
208 241 6
18 227 7
51 20 5
95 80 0
29 197 1
123 122 9
18 203 0
254 154 2
7 153 6
180 240 1
236 193 6
125 211 2
96 7 2
24 102 6
26 131 4
38 255 0
19 17 4
71 16 0
152 23 0
60 203 2
231 184 5
131 53 9
3 149 2
152 173 4
124 200 7
38 238 4
75 1 6
59 72 4
197 224 1
233 28 7
254 3 5
211 135 8
124 138 3
44 34 5
66 159 7
220 197 1
116 16 6
30 75 4
216 17 1
170 250 9
71 248 3
156 204 8
38 72 8
69 117 7
18 183 0
167 147 3
42 8 8
174 38 1
123 255 0
40 169 1
241 240 3
190 140 9
18 178 6
241 247 7
242 10 0
146 177 2
247 220 0
109 138 0
47 5 1
1 45 0
206 31 6
148 221 6
37 240 0
255 225 2
78 211 0
85 101 9
239 92 5
145 202 6
89 249 3
33 250 9
145 201 6
242 93 7
222 130 9
125 130 6
19 208 1
179 37 8
4 20 9
50 165 7
234 255 0
167 32 2
211 156 1
48 132 6
179 91 1
53 20 8
5 159 9
43 144 7
63 221 5
229 244 9
228 4 7
4 14 5
181 226 0
89 18 4
219 197 7
218 250 7
236 0 9
177 43 1
122 106 4
118 79 6
91 51 8
232 55 2
8 237 4
196 70 9
4 33 8
159 251 7
79 231 5
158 152 8
125 18 0
57 136 4
233 228 9
157 204 3
95 212 2
4 152 8
187 156 9
55 60 6
174 139 1
37 41 1
199 166 5
212 223 2
48 200 0
191 101 8
134 196 3
58 200 3
52 131 6
79 187 8
101 105 7
98 143 4
247 86 0
159 42 3
207 90 9
227 26 8
195 160 2
120 219 9
198 15 0
176 95 3
214 196 9
135 39 2
97 30 2
225 189 1
64 140 5
103 111 1
243 51 8
67 171 5
92 113 0
249 33 5
80 247 8
17 126 1
97 223 3
8 192 5
217 0 9
4 103 5
74 90 4
48 158 7
241 250 1
193 243 4
241 68 4
229 85 0
0 183 8
57 191 4
48 152 7
180 156 6
167 230 3
205 22 5
158 7 9
225 201 3
70 186 1
162 159 4
124 159 5
54 216 0
177 9 0
44 189 3
14 100 9
75 49 8
38 207 5
252 177 4
197 247 2
210 153 7
52 21 0
78 76 9
38 253 6
151 41 5
164 55 9
151 131 6
161 169 3
179 165 2
141 106 1
34 60 4
85 113 4
40 191 6
211 229 9
135 124 0
248 32 9
205 184 8
211 89 4
168 12 7
47 154 2
172 188 8
195 17 3
239 57 2
103 12 8
220 147 2
122 139 1
79 88 1
168 43 0
170 212 1
81 3 5
99 175 7
178 114 4
113 97 0
240 200 2
84 164 0
52 30 7
53 110 6
238 22 3
1 192 9
32 17 2
217 117 2
78 39 4
212 152 4
148 136 0
97 220 1
193 17 9
172 70 5
240 53 9
96 54 5
163 86 1
234 47 2
224 125 5
72 81 5
18 230 6
165 71 4
220 8 3
49 180 6
245 165 3
206 5 7
104 168 9
19 146 4
51 114 1
122 187 2
89 205 0
193 114 7
6 78 3
91 128 0
67 238 5
171 150 4
190 41 0
241 155 1
107 86 4
197 36 6
134 150 4
140 229 9
232 101 9
223 218 2
168 29 6
119 201 3
164 135 6
92 121 3
30 228 8
58 169 8
150 48 0
122 188 3
238 164 0
165 132 8
70 44 0
212 163 1
249 71 2
71 164 3
49 194 6
113 252 3
213 146 1
207 13 4
175 251 4
243 160 0
212 78 1
120 83 2
191 223 0
99 229 3
37 207 6
115 180 2
66 193 6
241 188 2
229 92 5
247 67 5
69 254 9
152 178 1
119 174 6
92 219 8
43 121 9
142 236 1
180 47 2
90 32 6
36 5 5
151 252 8
223 65 2
158 217 2
29 81 5
0 173 0
8 217 6
49 103 8
15 27 1
173 117 2
8 153 9
191 49 0
185 16 3
177 174 1
91 204 2
180 204 7
233 212 8
151 5 5
49 20 0
251 194 1
229 202 3
212 137 6
192 66 2
238 243 0
245 78 0
77 3 2
82 236 8
49 131 4
118 180 6
215 175 8
172 148 4
27 105 1
187 41 7
107 23 6
202 12 1
244 89 8
108 181 1
239 133 9
163 106 0
83 16 5
231 129 2
80 122 8
122 182 7
145 228 7
158 97 0
247 225 7
163 77 2
128 60 2
212 224 2
254 51 8
213 26 1
200 107 8
118 229 4
143 118 6
115 20 0
75 12 5
14 175 1
134 48 9
132 4 9
236 2 2
101 216 9
94 160 4
210 22 7
252 165 1
11 24 6
123 99 8
204 113 5
107 248 9
71 124 1
2 105 6
241 206 8
250 44 0
110 255 6
199 251 9
150 6 4
122 129 9
106 78 3
10 185 9
107 173 9
212 131 6
162 49 0
207 127 2
206 227 9
201 236 9
208 14 8
158 159 7
168 89 8
130 89 9
47 92 0
178 80 6
227 62 9
98 154 9
69 189 1
49 119 7
64 171 6
212 73 2
95 242 5
217 116 8
190 163 1
120 85 9
213 56 0
0 154 4
250 223 8
189 16 3
156 52 6
229 184 3
215 149 8
75 204 5
238 95 1
67 66 4
123 100 7
21 33 1
244 155 8
5 140 0
85 40 0
122 13 5
253 229 4
90 48 4
117 31 5
8 98 6
113 222 6
218 243 3
61 232 0
93 237 0
205 66 6
113 188 8
206 186 9
193 20 1
127 137 2
157 145 1
253 2 7
193 220 0
167 25 8
39 118 7
52 67 6
104 181 4
170 131 6
76 41 4
213 159 5
103 120 2
105 47 7
70 218 8
95 108 0
214 236 4
25 174 2
206 44 1
82 101 8
150 177 9
90 135 3
187 238 9
25 87 3
57 157 9
255 253 3
237 211 7
15 236 9
154 187 4
233 213 5
154 5 0
33 212 1
211 103 2
12 4 1
11 1 7
249 212 6
8 193 6
162 124 2
113 137 1
71 44 1
76 42 9
32 228 4
59 183 1
206 195 4
177 206 1
82 199 8
157 208 3
63 114 9
101 228 8
116 43 4
29 119 1
232 151 1
195 210 0
4 160 7
74 82 7
146 164 5
174 65 5
139 128 1
228 229 7
198 89 8
212 119 9
13 95 8
42 34 7
254 39 9
149 113 7
251 3 2
40 177 9
37 60 8
148 32 9
232 230 7
102 187 4
92 200 9
232 243 0
71 241 5
71 135 0
152 130 0
142 170 3
198 207 4
126 99 2
27 75 7
60 128 4
4 78 0
247 62 4
233 85 1
112 221 5
242 105 2
156 167 0
107 33 6
206 187 1
26 60 6
204 120 6
218 125 6
208 116 8
14 93 5
147 205 3
177 191 2
93 91 3
207 198 0
191 149 0
202 175 8
232 123 1
135 85 2
115 37 0
158 52 2
29 199 9
122 120 1
65 213 4
174 164 7
61 99 0
135 46 7
188 12 5
17 136 3
54 121 9
106 199 8
50 226 5
170 189 2
128 244 6
36 241 1
136 131 8
182 196 4
204 128 2
106 145 5
123 199 8
42 50 7
246 100 3
61 14 3
197 142 9
252 179 2
111 59 7
106 241 1
114 189 1
134 39 8
35 162 1
57 204 9
22 195 3
214 0 2
83 198 6
196 194 3
38 49 2
11 155 3
180 13 3
221 148 0
151 183 5
24 241 1
204 7 6
227 221 5
9 48 3
190 244 9
37 26 0
200 37 8
91 217 9
172 182 3
37 77 5
64 102 8
39 50 7
210 21 9
125 31 5
238 221 8
33 2 8
133 202 6
133 38 3
147 210 2
52 247 9
141 55 1
215 95 7
41 49 9
88 174 0
183 156 9
11 189 9
122 66 6
14 200 4
123 91 4
159 143 0
17 29 5
232 244 6
242 29 7
17 117 5
79 45 7
106 56 8
135 178 3
111 192 1
125 60 0
94 219 3
54 236 2
69 213 1
180 199 2
83 216 4
161 39 3
138 145 9
49 24 8
26 136 8
203 5 4
215 99 8
114 153 0
43 223 5
216 147 8
162 230 2
226 135 5
79 18 8
245 67 3
77 93 3
101 40 8
186 255 0
234 113 9
6 156 6
248 116 5
176 23 6
65 249 5
248 73 1
65 62 6
162 139 9
139 240 5
121 170 4
203 148 2
183 155 8
129 147 9
223 67 8
35 132 7
128 204 0
190 236 6
73 106 5
58 15 2
228 180 2
121 202 1
20 124 8
167 163 1
234 225 0
111 25 5
236 153 5
170 88 1
10 161 7
245 219 3
89 192 3
137 57 5
112 77 7
217 244 1
32 222 0
139 77 1
228 57 1
9 227 5
26 237 6
150 226 6
33 60 4
96 197 5
105 54 4
238 15 6
23 47 0
34 186 2
69 158 5
2 167 1
23 194 6
206 88 7
96 121 5
178 217 4
61 66 0
21 48 7
225 72 1
139 106 9
131 175 0
181 178 9
202 201 9
204 151 7
177 247 8
210 169 3
185 230 1
213 251 0
1 220 0
92 104 2
113 235 1
37 160 9
129 106 1
158 55 4
20 232 6
2 187 1
202 116 8
211 73 9
13 74 6
143 166 4
123 24 3
23 61 6
100 190 6
123 93 5
42 113 6
208 115 7
31 61 3
85 17 6
135 30 5
149 174 7
11 41 7
108 64 3
110 165 7
219 32 8
126 74 5
10 26 7
81 58 2
12 143 1
184 96 9
182 143 7
35 208 2
145 117 9
108 149 8
235 224 3
245 250 2
71 52 5
83 196 8
100 218 4
196 134 2
16 125 7
224 43 5
85 226 5
234 0 4
202 246 0
197 54 9
249 255 4
189 98 7
152 124 9
30 253 3
90 13 6
186 237 1
171 66 6
8 44 0
81 247 0
143 188 3
20 181 2
236 115 2
41 11 5
43 41 2
70 131 1
223 61 8
234 72 1
22 239 4
13 139 7
201 94 9
127 49 7
242 101 5
253 22 2
38 196 4
169 127 3
231 39 6
207 17 6
192 40 9
2 53 3
211 255 1
184 126 4
138 112 0
133 109 0
171 147 5
23 60 2
99 35 8
81 243 1
135 179 5
173 182 9
94 137 4
109 66 0
174 204 8
84 81 3
16 252 0
145 19 0
146 118 0
186 199 3
243 79 4
85 252 0
236 90 6
130 199 4
150 117 6
26 201 3
11 218 9
143 107 0
79 253 1
51 183 8
10 171 1
149 0 9
213 236 7
159 110 3
88 131 0
34 172 3
252 209 4
103 10 7
101 185 3
28 47 1
199 245 6
199 182 2
179 210 5
33 181 3
37 13 8
67 47 7
108 43 4
36 147 2
44 248 3
103 20 3
172 220 4
135 163 8
55 87 0
134 120 5
129 158 9
0 225 8
43 78 8
39 114 7
46 158 5
237 5 5
220 178 3
192 57 9
91 112 6
199 246 6
233 120 2
24 120 8
118 163 6
0 202 8
29 248 9
50 230 8
92 194 0
97 131 9
10 222 9
10 165 6
131 142 4
153 166 4
145 29 9
215 29 9
144 59 8
231 109 6
67 201 0
82 43 5
153 53 1
81 64 9
255 195 3
37 92 8
195 238 9
4 197 8
15 85 1
19 60 5
253 128 4
170 210 5
217 107 1
231 188 3
248 219 4
84 195 9
66 200 3
8 235 1
93 72 4
154 19 6
26 168 8
236 103 9
87 92 0
20 145 2
207 137 0
176 222 5
