208 116
135 172
76 241
171 117
252 141
98 69
99 212
63 1
252 176
98 165
184 157
9 117
37 30
235 132
190 140
203 143
0 82
59 77
67 231
194 64
116 36
133 215
249 197
216 245
117 58
154 46
216 164
163 253
194 142
130 128
26 77
15 26
159 75
103 226
50 41
34 166
78 168
125 71
109 85
60 226
143 215
16 103
123 179
101 61
65 231
189 91
52 205
118 211
24 221
181 74
7 216
240 85
128 109
156 237
194 216
207 81
175 224
185 42
147 30
103 213
5 37
48 57
242 166
12 10
132 193
84 139
153 68
224 25
177 124
6 115
84 214
196 4
182 125
46 73
155 150
30 160
187 79
217 173
245 229
183 121
167 11
4 64
79 228
90 0
115 181
54 55
185 236
181 231
54 80
125 84
241 56
163 202
229 153
176 156
18 87
167 23
151 246
251 241
246 92
82 105
17 136
161 202
117 86
177 171
166 47
255 151
103 163
98 77
60 18
233 78
105 145
101 0
135 97
242 126
189 68
231 206
204 136
152 65
222 73
236 133
120 236
28 224
143 126
45 203
144 22
25 249
167 127
250 47
224 236
173 157
48 148
107 252
29 3
62 251
76 42
128 197
22 157
27 210
112 172
232 138
165 144
9 159
191 233
139 108
134 187
0 241
184 29
244 246
25 64
32 153
5 55
54 170
220 82
124 77
254 101
215 163
245 224
67 180
201 206
32 79
138 32
64 66
62 52
56 87
116 88
240 122
143 39
36 108
121 161
185 119
6 144
26 251
112 93
175 57
44 207
136 182
239 200
248 45
252 48
132 112
136 117
234 24
156 15
132 21
176 61
140 182
205 166
177 61
4 96
118 48
47 254
230 30
198 222
76 194
14 208
50 150
69 29
174 225
44 50
246 220
111 130
146 60
41 67
121 45
163 239
93 210
237 67
240 179
33 60
117 47
13 168
197 82
197 116
52 241
166 42
205 22
173 95
82 214
162 204
3 69
187 96
23 169
163 7
92 196
68 210
243 81
122 184
163 63
44 215
48 211
2 253
233 175
92 59
133 254
7 136
67 195
232 90
108 139
97 200
79 165
154 66
246 20
250 154
83 39
113 131
250 115
128 227
34 220
30 167
218 38
47 29
233 23
119 85
162 217
29 241
126 184
51 117
204 46
15 32
85 128
163 79
244 36
50 22
0 80
190 219
118 237
248 95
5 112
180 167
73 210
153 199
138 204
60 86
250 75
118 79
204 26
158 192
62 208
214 62
33 148
25 151
130 18
247 135
130 171
46 203
125 199
146 7
148 207
94 142
26 212
222 230
238 124
166 44
77 125
107 110
17 132
5 147
150 252
26 24
168 73
227 37
16 118
45 164
69 139
51 95
95 17
70 78
141 236
122 218
105 229
72 123
106 78
14 0
74 41
25 242
114 252
24 130
114 69
39 183
208 90
23 47
107 93
125 248
73 248
211 179
221 27
46 71
105 60
72 180
101 97
166 215
93 190
90 208
3 129
135 211
219 158
3 70
251 128
62 69
120 17
248 86
45 38
157 150
98 229
74 200
70 241
159 164
175 249
116 179
122 251
134 85
154 137
155 149
10 218
218 130
235 210
216 24
248 118
175 91
91 249
35 162
234 194
70 154
188 186
77 54
181 211
140 79
93 39
229 103
1 191
233 237
146 194
5 138
56 180
229 147
174 8
53 152
203 123
50 135
53 127
189 235
83 73
58 176
113 31
23 114
223 0
95 113
194 101
251 250
25 225
142 199
233 195
96 180
63 146
59 116
18 249
95 101
66 154
21 179
185 44
38 152
44 133
9 239
234 5
233 4
230 119
203 207
59 43
132 122
190 191
238 208
184 78
53 251
232 74
174 161
118 212
58 162
90 67
145 68
72 46
242 20
254 45
63 130
167 253
65 150
205 250
228 2
245 204
76 163
109 194
120 167
101 210
235 246
22 51
113 95
98 100
115 96
145 178
226 57
176 35
207 125
29 179
128 18
127 204
182 236
143 46
148 244
0 127
234 22
178 92
117 20
192 232
116 81
155 86
138 75
122 89
200 151
12 72
170 139
21 96
120 164
142 12
152 142
139 130
164 61
222 26
82 158
2 198
240 157
29 122
232 151
212 177
46 224
249 216
108 14
56 228
178 198
240 74
84 123
205 249
184 171
19 10
74 21
209 58
179 238
180 155
133 136
76 179
105 70
140 213
84 196
185 7
139 169
81 223
36 30
216 220
202 235
231 20
1 184
78 180
166 2
79 43
139 156
222 244
226 106
201 54
47 130
61 186
43 143
153 79
173 114
43 119
93 18
139 94
202 217
18 112
220 98
155 103
254 122
91 224
228 36
22 19
166 84
205 209
227 103
32 144
217 75
8 54
94 147
149 40
109 167
153 73
9 52
176 7
174 11
231 147
166 213
82 116
166 53
219 198
197 180
17 205
234 111
97 127
152 206
39 49
23 48
101 199
56 20
210 31
167 1
29 77
214 111
193 124
164 156
66 106
80 83
55 59
195 152
186 91
102 225
140 125
18 241
68 74
5 22
105 172
23 135
250 237
246 187
105 155
88 171
5 168
255 60
227 194
213 158
29 59
127 169
185 145
154 253
219 160
20 69
76 43
204 70
25 194
2 130
93 90
46 98
2 45
159 230
239 116
132 12
175 3
181 104
149 79
102 112
239 122
181 60
165 129
130 190
68 132
65 161
222 111
4 225
156 163
199 139
23 75
151 198
78 76
47 227
15 9
199 180
139 73
115 207
206 180
35 116
141 191
23 84
74 46
159 225
245 238
45 36
209 200
185 37
83 200
47 26
124 186
100 239
137 50
163 249
222 198
110 108
192 207
180 96
176 169
78 221
205 31
166 134
69 249
78 116
20 202
46 120
186 183
170 93
176 136
244 169
164 181
121 88
21 41
1 99
7 206
130 173
84 199
166 162
59 186
108 105
50 38
32 220
132 209
101 168
239 89
81 147
14 202
235 35
244 236
134 251
186 9
168 14
208 78
176 12
9 29
117 59
67 150
24 199
103 125
111 86
214 193
234 229
139 213
8 127
194 143
122 124
152 34
139 104
113 59
116 122
88 234
181 156
128 205
99 231
74 211
61 33
148 39
6 31
253 14
159 191
157 25
59 53
60 198
158 173
2 18
39 90
252 220
246 124
170 90
99 244
45 161
21 193
200 27
224 197
42 127
132 199
153 192
253 213
134 155
130 136
173 169
227 170
133 217
38 47
51 138
36 96
43 57
33 243
85 2
185 127
129 61
70 26
253 67
239 132
222 113
12 140
26 239
54 160
201 92
207 252
230 243
93 17
45 126
5 130
128 190
1 2
251 71
28 249
139 12
125 105
125 137
245 152
121 43
56 66
136 7
62 110
251 155
128 40
26 133
170 154
67 171
156 62
242 185
55 125
231 66
62 220
218 183
8 18
249 144
26 55
254 21
211 126
61 237
3 231
135 70
146 36
133 132
221 188
2 162
113 233
228 175
197 191
102 205
209 95
93 235
150 92
0 105
218 61
86 222
36 222
36 182
2 169
59 223
102 61
129 215
38 101
134 235
36 236
185 246
75 22
114 226
75 77
31 161
43 68
127 79
250 129
249 53
96 95
114 225
54 152
71 188
132 107
168 61
97 243
83 67
212 198
37 31
19 68
193 62
136 64
141 131
194 134
184 34
229 43
4 27
195 75
215 71
182 127
132 24
114 216
91 71
158 128
102 177
196 39
239 77
104 124
208 42
3 136
76 232
179 80
4 119
155 219
190 82
91 67
106 205
27 197
20 185
69 123
106 9
162 89
86 10
213 38
52 216
175 129
193 98
209 197
217 109
160 152
191 251
219 41
201 246
238 221
175 51
88 25
60 251
114 147
5 71
185 58
32 104
187 225
203 140
166 164
249 70
60 184
66 23
225 11
13 207
232 188
2 65
213 63
60 71
210 65
143 139
123 175
244 54
144 191
195 54
99 188
124 160
117 190
183 86
201 197
38 178
129 40
243 87
103 47
158 57
112 45
197 236
220 185
34 108
120 229
162 219
162 31
123 23
221 51
248 147
89 121
188 76
208 35
123 111
156 34
215 121
219 250
229 83
223 136
46 129
167 170
152 132
221 6
43 213
153 132
78 85
208 31
121 75
142 214
55 42
248 14
163 211
8 137
38 232
17 84
105 184
254 2
60 219
8 104
176 161
236 255
247 189
30 112
8 172
70 63
78 122
17 86
3 55
62 20
139 168
204 138
170 8
101 178
112 22
83 93
21 74
26 51
186 34
98 181
62 176
47 79
6 50
134 69
70 18
237 18
156 151
27 1
73 139
23 156
232 44
231 2
95 161
37 62
162 135
244 224
55 35
48 61
86 182
130 156
200 111
175 100
6 202
102 79
85 125
236 62
170 211
64 9
116 101
72 22
236 60
247 35
95 39
97 181
221 227
82 166
83 1
10 89
203 112
169 32
238 149
94 152
104 159
161 220
4 233
243 241
37 234
20 133
17 117
58 238
89 140
148 172
141 159
5 88
15 174
121 253
67 215
149 171
118 55
136 123
32 123
108 70
101 128
203 118
246 5
100 79
146 249
251 31
152 0
175 241
165 242
200 58
158 63
113 38
186 146
161 38
216 6
166 163
124 156
168 224
235 58
217 230
90 113
231 210
25 150
195 190
136 139
248 38
202 106
76 132
252 237
170 212
119 111
237 31
80 217
90 41
191 180
155 166
134 180
60 73
114 197
212 106
235 159
212 56
35 208
37 206
164 25
31 27
136 12
59 216
229 149
2 165
73 157
75 207
81 136
24 195
77 236
45 56
139 2
112 175
210 150
125 119
175 156
146 55
168 205
16 142
98 18
51 171
175 126
122 0
6 146
195 83
127 240
140 10
242 252
185 197
146 54
60 65
210 206
121 123
156 137
9 254
155 60
170 74
186 36
74 193
183 13
20 54
253 160
64 240
157 250
181 47
48 241
113 3
191 234
126 91
115 135
90 14
195 4
88 125
40 162
62 223
175 83
21 172
243 86
156 144
80 81
192 128
66 49
131 2
93 142
136 183
156 75
187 244
201 228
150 7
195 69
90 217
241 78
47 142
222 127
223 158
255 34
207 131
36 234
132 129
120 13
57 20
88 244
8 33
216 158
41 156
227 131
117 213
209 164
99 176
35 66
78 34
100 30
165 136
8 42
10 129
55 67
149 143
55 158
177 16
60 218
172 32
93 33
245 47
197 88
223 232
154 45
10 255
75 176
135 84
218 145
213 17
160 12
8 81
28 69
43 200
101 137
233 90
184 174
178 151
150 76
196 160
75 16
80 211
100 42
100 57
59 57
163 220
69 172
45 97
241 89
41 86
226 18
176 154
192 98
49 86
174 245
246 250
205 105
113 49
162 173
106 70
137 175
242 182
16 227
15 57
57 241
75 233
139 11
75 188
97 249
178 88
243 183
159 192
33 16
242 195
189 92
9 70
12 251
253 28
222 12
86 23
254 161
0 137
173 75
70 14
69 248
102 56
175 5
249 208
22 235
148 211
71 157
26 83
153 23
112 119
35 198
143 33
103 143
171 20
219 241
35 32
233 137
88 152
143 81
105 165
60 253
120 132
154 146
215 51
169 71
171 205
13 58
238 117
201 153
137 164
138 172
196 115
54 29
12 197
110 117
106 171
47 12
117 6
64 30
78 235
235 91
37 218
208 238
115 90
147 254
6 87
113 60
116 125
1 227
242 107
142 100
78 189
113 195
195 177
225 17
156 205
109 193
167 61
175 26
151 66
24 158
154 138
218 14
7 220
241 250
71 127
94 149
60 207
88 0
128 58
17 28
7 126
221 174
188 141
200 83
207 225
241 105
107 204
120 114
168 105
108 239
233 203
133 37
154 221
37 27
23 55
55 30
181 21
204 113
162 149
197 113
118 182
219 225
130 83
83 42
188 192
26 165
139 159
203 37
124 240
64 148
39 120
178 221
141 127
78 47
20 19
160 138
202 123
107 76
206 190
119 139
126 145
48 9
48 251
47 172
236 111
64 19
231 243
240 116
114 63
163 134
82 68
16 28
191 123
105 142
57 224
25 184
113 73
193 161
69 240
77 49
96 142
68 71
129 53
188 243
116 95
121 198
163 137
227 99
4 76
241 61
44 10
245 157
83 183
62 152
167 139
201 7
25 14
79 154
67 11
141 183
106 6
125 14
143 96
113 147
172 98
209 216
108 198
117 191
125 179
88 37
63 33
44 88
47 123
243 114
134 128
41 241
135 167
255 22
7 112
170 180
210 123
140 62
65 2
253 191
181 85
228 244
119 16
77 166
140 64
25 18
192 66
3 71
233 2
94 241
114 8
165 68
131 49
130 196
51 128
131 233
213 103
221 76
120 42
243 4
106 12
22 43
78 26
114 56
28 208
41 143
216 206
211 91
255 86
32 51
214 163
28 171
11 249
248 131
36 235
135 142
247 157
185 69
183 44
125 212
252 166
99 213
116 54
48 116
140 80
167 98
244 195
14 255
188 6
130 224
241 9
111 232
166 40
45 94
84 171
50 81
81 149
38 198
203 86
58 88
167 225
186 155
164 200
154 96
206 28
65 191
37 176
167 203
216 213
41 45
128 91
126 209
240 164
151 188
250 209
20 161
178 206
151 214
183 101
242 248
37 23
168 204
227 128
161 12
173 33
104 43
243 88
207 138
92 40
107 14
247 168
101 142
126 28
243 113
20 24
136 188
229 107
60 134
120 234
21 155
56 229
37 77
117 26
144 108
194 245
250 65
17 238
178 37
6 58
225 235
166 29
114 30
7 26
254 29
181 54
2 218
131 177
92 249
203 236
225 96
207 242
78 129
187 248
64 97
21 178
127 29
204 125
58 129
180 60
91 55
237 183
48 184
163 150
70 132
246 21
118 68
150 141
152 82
133 216
179 155
138 51
184 86
176 242
215 100
46 51
156 27
234 204
211 142
98 26
18 88
47 137
156 198
22 53
24 156
13 203
55 152
254 239
238 175
225 198
19 15
249 175
42 227
124 253
113 222
23 132
55 71
13 211
13 35
8 37
191 22
240 246
174 239
229 156
158 198
98 177
213 91
97 255
63 221
253 176
187 20
52 242
91 65
198 104
101 206
141 36
228 126
27 146
109 0
47 11
199 145
188 156
237 29
156 44
250 153
220 182
173 17
168 9
82 110
113 183
61 255
220 33
125 247
180 234
247 227
245 190
116 177
91 97
207 247
141 201
144 106
127 61
123 40
70 205
150 184
133 211
183 97
245 52
88 169
30 79
140 19
196 105
98 147
96 239
93 240
89 220
45 212
4 116
162 155
44 39
110 227
136 99
23 224
12 53
47 152
72 61
153 12
166 251
160 6
234 253
246 68
217 36
24 222
152 186
121 196
225 231
167 105
75 190
73 87
243 121
240 59
182 137
71 93
132 231
99 110
228 90
178 190
126 203
156 22
133 21
218 103
252 129
208 71
63 26
159 50
147 143
109 73
24 180
166 156
156 10
10 128
100 189
62 226
136 218
248 13
239 210
116 236
83 69
51 146
95 210
196 242
97 49
59 121
229 226
21 129
236 32
2 80
221 64
50 101
27 42
114 10
252 231
246 79
44 42
225 139
252 165
125 94
214 184
215 187
154 237
61 134
13 63
214 234
127 8
50 193
165 46
168 155
197 94
95 194
3 220
32 217
149 247
149 47
228 210
182 241
17 140
219 144
149 42
43 199
236 208
246 148
107 115
105 49
210 200
243 213
165 19
175 58
10 68
105 239
22 31
224 39
172 188
183 65
230 226
8 210
178 254
103 30
114 208
79 68
152 66
25 61
85 200
119 95
12 225
0 47
73 172
235 1
237 209
227 246
164 150
244 11
180 102
219 3
170 115
69 196
177 154
140 40
249 153
9 72
187 10
119 5
182 98
6 164
51 233
154 215
127 142
226 51
245 189
54 159
49 123
99 226
21 240
10 15
137 20
87 68
30 206
73 212
48 79
120 99
57 18
59 184
161 29
236 150
219 34
53 12
158 153
238 179
137 248
194 18
12 25
86 42
231 160
255 23
239 119
138 182
225 43
211 205
193 174
239 246
186 141
143 168
65 24
161 3
42 173
29 129
216 4
33 215
28 16
78 151
57 216
77 26
3 32
231 196
207 214
187 137
100 74
50 165
99 211
168 141
14 88
202 47
47 230
64 126
125 121
86 202
147 90
234 122
30 185
36 117
89 135
72 2
20 200
199 35
33 145
82 80
119 146
206 244
11 37
190 158
24 157
98 105
119 165
29 155
26 119
34 98
121 54
43 64
89 76
210 172
156 73
62 107
62 74
144 252
232 15
165 1
172 8
106 35
173 135
190 200
254 224
42 119
23 85
184 112
161 138
28 62
169 17
165 57
14 141
72 179
142 244
24 105
128 214
49 126
183 91
246 206
177 174
62 82
56 91
144 11
182 57
29 91
114 43
232 186
222 119
175 154
111 199
3 239
157 52
110 84
143 100
34 64
18 97
147 74
188 35
85 114
93 114
205 207
157 181
138 124
44 57
22 156
0 25
139 157
77 249
242 220
93 20
29 111
117 176
185 49
211 15
163 48
129 112
0 31
38 138
155 82
238 195
202 122
96 23
115 82
243 209
103 16
64 220
192 250
14 148
9 177
196 138
34 196
169 72
78 68
154 17
245 137
212 191
3 53
214 118
135 202
71 238
218 136
203 155
130 217
47 139
138 243
184 191
244 6
3 143
24 249
24 236
184 27
33 143
145 169
89 217
151 51
97 98
206 227
59 253
110 198
241 131
114 169
66 103
175 70
246 199
63 14
180 247
41 213
134 186
126 223
147 22
19 244
120 225
215 180
223 69
122 208
201 236
121 11
83 40
81 73
240 144
87 164
136 128
121 14
59 248
238 206
14 1
195 134
226 154
58 193
224 180
161 10
180 244
51 6
62 35
150 149
199 30
22 64
45 81
56 27
31 70
28 226
205 254
125 7
192 93
188 81
6 93
92 186
81 143
192 143
178 87
37 121
185 162
140 242
189 171
56 217
142 5
216 11
13 152
104 201
233 110
38 69
40 119
212 233
7 134
64 44
255 181
103 185
88 243
171 21
158 227
239 44
233 199
55 246
95 159
191 72
13 229
142 54
92 98
31 99
233 95
143 232
20 246
161 108
233 76
48 113
180 25
56 236
15 151
139 206
223 153
179 109
207 15
115 185
77 2
161 97
