26315
3429
19293
25861
58037
47495
46543
28059
13225
48915
4737
3081
17757
41851
30519
35995
2577
35495
2145
20897
27631
691
46527
15741
12025
65091
27529
48933
60263
34117
8219
18735
51355
9273
42513
31573
8321
41463
43777
50819
45947
1021
51861
54105
38087
26929
7735
29495
30565
49967
12603
25539
33669
62983
49539
44271
23659
26259
13485
57737
32469
32561
10679
2615
40935
13081
3875
33549
13461
2069
9643
37765
51583
44759
55131
2325
21355
45497
52035
39987
8221
16905
40345
26581
36809
43985
42085
15237
16117
30745
43177
4065
51429
50615
64517
26023
51841
57491
53987
55101
19901
40815
19227
42161
17795
36911
1825
33359
16923
31393
50601
29083
1547
16841
56779
60647
9099
43937
1975
11597
19047
5993
22991
54079
28263
43623
57943
47503
28213
64315
50591
15093
25293
50071
18595
45591
16217
41111
45113
31763
59811
27005
23739
17795
29435
9467
2597
59913
39323
9479
40135
44631
14993
20751
25197
7343
56363
9937
12285
19453
63703
31133
17319
55623
12945
30751
21393
23497
5837
159
45299
39797
39639
52185
59335
20987
63679
30259
49907
48717
5321
61329
7401
53939
4931
22941
25813
17735
18177
56451
16453
19201
8243
31307
12623
17729
17373
26769
43319
10709
