27 2 8
25 9 7
13 4 8
26 12 8
26 5 1
20 12 5
30 10 5
3 21 4
12 19 4
3 20 6
26 15 6
24 9 5
7 22 4
25 16 0
11 10 9
21 30 3
18 28 2
8 0 7
8 12 3
25 15 7
31 9 7
7 1 4
10 14 2
26 16 0
4 24 7
3 11 1
29 31 7
6 11 2
31 27 9
30 4 8
5 6 2
29 15 8
12 17 4
28 31 9
20 2 2
0 24 9
9 21 7
6 27 8
10 26 9
10 24 6
20 29 4
19 27 9
27 7 6
30 3 6
5 24 2
15 24 4
24 1 0
1 8 9
22 18 6
5 28 2
25 17 4
19 4 3
24 23 3
27 17 6
19 13 5
11 2 4
13 12 1
21 17 7
7 17 5
4 10 8
21 0 8
16 24 7
6 10 3
8 20 4
20 31 3
5 1 7
23 8 5
6 1 4
31 18 3
23 27 8
13 31 7
6 23 5
16 27 5
4 11 9
3 17 8
4 30 9
12 15 6
13 17 4
31 30 7
26 19 9
26 0 9
17 19 3
12 14 5
24 29 8
9 17 3
7 29 3
22 9 2
11 23 4
31 22 0
10 17 7
31 2 2
18 17 9
0 4 3
29 27 0
15 22 7
12 29 3
21 26 4
12 8 3
27 20 6
19 1 1
6 19 2
5 4 8
15 19 2
0 31 0
7 20 0
25 1 6
10 4 4
6 24 0
5 23 8
6 18 6
25 23 6
17 28 0
3 12 7
20 27 0
13 28 8
24 0 4
30 24 5
3 15 5
9 1 1
3 24 9
20 21 0
23 1 7
3 13 4
21 1 1
7 15 9
1 7 9
24 5 5
31 8 0
7 31 4
8 21 2
0 22 2
8 25 9
11 0 8
10 2 3
9 26 2
0 25 2
6 3 7
13 2 4
13 6 6
2 5 0
26 28 9
24 19 3
2 21 6
11 15 0
11 8 2
17 11 1
30 13 5
12 20 4
14 25 4
7 30 2
25 4 1
13 25 9
2 9 6
18 25 7
26 17 4
6 2 0
19 2 6
7 24 9
12 30 7
15 9 8
